102 104
37 41
57 59
76 82
17 23
45 46
78 78
104 105
23 23
158 158
32 34
36 36
16 17
50 50
71 72
4 5
24 24
12 12
61 63
75 77
108 109
5 6
51 53
66 71
113 115
121 121
1 1
38 38
14 14
27 27
16 19
24 25
44 67
24 24
74 79
99 100
61 63
7 10
22 23
79 83
157 160
60 61
92 93
99 99
8 8
13 13
51 51
11 12
44 46
17 18
56 57
45 46
63 67
90 91
96 102
1 3
40 40
23 23
124 125
6 7
18 19
37 44
1 1
19 20
11 13
25 26
8 9
26 26
56 58
31 31
59 60
38 44
11 12
14 15
4 5
15 18
1 1
45 45
8 8
28 28
88 90
18 18
214 214
96 96
2 2
22 23
90 93
16 16
44 44
25 25
61 63
9 9
188 188
26 26
454 455
201 202
244 245
4 4
49 49
75 75
151 152
4 4
117 118
33 35
149 149
158 158
118 119
86 86
180 180
196 197
13 13

